35
Q85429 -353.90 0.00 0.00 -2.04 -93.62 0.00 0.00 0.00 0.00 0.00 0.00 -3.54 0.00 0.00 0.00 -153.80 -38.01 0.00 -3.61 0.00 0.00 0.00 -35.68 0.00 0.00 0.00 -124.24 0.00 0.00 -167.62 -6.07 0.00 0.00 0.00 0.00
P22338 0.00 -482.16 -1.83 0.00 -0.94 0.00 -9.66 0.00 0.00 -0.97 0.00 0.00 -473.64 0.00 0.00 0.00 0.00 0.00 0.00 0.00 -385.45 0.00 0.00 0.00 0.00 0.00 -0.69 -471.34 -471.34 0.00 0.00 -3.65 -472.03 -306.94 0.00
D2VN83 0.00 -1.83 -306.75 0.00 0.00 -2.12 0.00 0.00 -245.68 0.00 0.00 0.00 0.00 0.00 -242.98 0.00 0.00 0.00 -0.73 0.00 -1.24 0.00 0.00 0.00 -242.69 0.00 0.00 -1.20 0.00 0.00 0.00 -140.90 -0.21 -1.97 -257.99
Q8JPR1 -2.04 0.00 0.00 -525.68 0.00 -4.14 0.00 -1.17 0.00 0.00 -118.54 0.00 0.00 -1.56 0.00 -87.77 -260.19 0.00 0.00 0.00 0.00 -83.00 -441.40 -0.56 0.00 0.00 -7.58 0.00 0.00 -10.15 -261.40 0.00 0.00 0.00 0.00
Q23869 -93.62 -0.94 0.00 0.00 -225.25 0.00 0.00 0.00 0.00 0.00 0.00 -5.04 -1.61 0.00 0.00 -105.33 -17.95 0.00 -3.35 0.00 -1.31 0.00 -16.37 0.00 0.00 0.00 -71.28 -1.02 -1.71 -113.06 -3.91 0.00 0.00 -1.90 0.00
C0MMX3 0.00 0.00 -2.12 -4.14 0.00 -534.71 0.00 0.00 -0.76 0.00 0.00 0.00 -0.07 0.00 0.00 0.00 -2.21 0.00 0.00 0.00 -0.54 0.00 -4.51 0.00 0.00 0.00 0.00 -0.15 -0.12 0.00 -4.20 0.00 -0.11 -0.53 0.00
G7YB21 0.00 -9.66 0.00 0.00 0.00 0.00 -274.01 0.00 0.00 0.00 0.00 0.00 -7.96 0.00 0.00 0.00 0.00 0.00 0.00 0.00 -8.52 0.00 0.00 0.00 0.00 0.00 0.00 -8.47 -8.95 0.00 0.00 0.00 -9.63 -8.52 0.00
P03315 0.00 0.00 0.00 -1.17 0.00 0.00 0.00 -541.46 0.00 0.00 0.00 0.00 0.00 -542.02 0.00 0.00 -3.69 0.00 0.00 0.00 0.00 0.00 -3.27 -540.01 0.00 0.00 -0.97 0.00 0.00 0.00 -2.83 0.00 0.00 0.00 0.00
F4JP36 0.00 0.00 -245.68 0.00 0.00 -0.76 0.00 0.00 -362.20 0.00 0.00 0.00 0.00 0.00 -260.55 0.00 0.00 0.00 0.00 0.00 -0.46 0.00 0.00 0.00 -257.20 0.00 0.00 0.00 0.00 0.00 0.00 -132.59 0.00 0.00 -263.70
Q6X2U1 0.00 -0.97 0.00 0.00 0.00 0.00 0.00 0.00 0.00 -740.33 0.00 0.00 -0.94 0.00 0.00 0.00 0.00 0.00 0.00 0.00 0.00 0.00 0.00 0.00 0.00 0.00 0.00 -0.80 -0.89 0.00 0.00 0.00 -0.99 0.00 0.00
Q02004 0.00 0.00 0.00 -118.54 0.00 0.00 0.00 0.00 0.00 0.00 -407.56 0.00 0.00 0.00 0.00 -12.11 -126.38 0.00 0.00 0.00 0.00 -280.22 -115.93 0.00 0.00 0.00 -2.04 0.00 0.00 -2.83 -144.23 0.00 0.00 0.00 0.00
D2VQ99 -3.54 0.00 0.00 0.00 -5.04 0.00 0.00 0.00 0.00 0.00 0.00 -717.31 0.00 0.00 0.00 0.00 0.00 -6.32 -367.32 -2.21 0.00 0.00 0.00 0.00 0.00 -4.96 0.00 0.00 0.00 -2.30 0.00 0.00 0.00 0.00 0.00
P06935 0.00 -473.64 0.00 0.00 -1.61 -0.07 -7.96 0.00 0.00 -0.94 0.00 0.00 -486.76 0.00 0.00 0.00 0.00 0.00 0.00 0.00 -390.34 0.00 0.00 0.00 0.00 0.00 -0.92 -480.55 -482.85 0.00 0.00 -4.64 -482.85 -302.55 0.00
P13897 0.00 0.00 0.00 -1.56 0.00 0.00 0.00 -542.02 0.00 0.00 0.00 0.00 0.00 -583.76 0.00 -2.67 -6.81 0.00 0.00 0.00 0.00 0.00 -5.36 -581.17 0.00 0.00 -1.14 0.00 0.00 0.00 -2.59 0.00 0.00 0.00 0.00
A0A060A682 0.00 0.00 -242.98 0.00 0.00 0.00 0.00 0.00 -260.55 0.00 0.00 0.00 0.00 0.00 -366.33 0.00 0.00 0.00 -0.05 0.00 0.00 0.00 0.00 0.00 -263.70 0.00 0.00 0.00 0.00 0.00 0.00 -134.66 0.00 -1.97 -264.10
A2T090 -153.80 0.00 0.00 -87.77 -105.33 0.00 0.00 0.00 0.00 0.00 -12.11 0.00 0.00 -2.67 0.00 -274.01 -107.16 0.00 -0.53 0.00 0.00 -9.85 -109.49 -2.12 0.00 0.00 -178.44 0.00 -0.33 -229.57 -82.15 0.00 0.00 -3.58 0.00
Q01260 -38.01 0.00 0.00 -260.19 -17.95 -2.21 0.00 -3.69 0.00 0.00 -126.38 0.00 0.00 -6.81 0.00 -107.16 -364.50 0.00 0.00 0.00 0.00 -172.89 -276.31 -6.57 0.00 0.00 -39.82 0.00 0.00 -49.18 -229.16 0.00 0.00 0.00 0.00
T1ISJ2 0.00 0.00 0.00 0.00 0.00 0.00 0.00 0.00 0.00 0.00 0.00 -6.32 0.00 0.00 0.00 0.00 0.00 -389.65 -8.11 -304.86 0.00 0.00 0.00 0.00 0.00 -348.38 0.00 0.00 0.00 0.00 0.00 0.00 0.00 0.00 0.00
D2W008 -3.61 0.00 -0.73 0.00 -3.35 0.00 0.00 0.00 0.00 0.00 0.00 -367.32 0.00 0.00 -0.05 -0.53 0.00 -8.11 -inf -1.97 0.00 0.00 0.00 0.00 0.00 -5.68 0.00 0.00 0.00 -2.30 0.00 -1.24 0.00 0.00 0.00
C3Y7J9 0.00 0.00 0.00 0.00 0.00 0.00 0.00 0.00 0.00 0.00 0.00 -2.21 0.00 0.00 0.00 0.00 0.00 -304.86 -1.97 -469.73 0.00 0.00 0.00 0.00 0.00 -330.47 0.00 0.00 0.00 0.00 0.00 0.00 0.00 0.00 0.00
P33515 0.00 -385.45 -1.24 0.00 -1.31 -0.54 -8.52 0.00 -0.46 0.00 0.00 0.00 -390.34 0.00 0.00 0.00 0.00 0.00 0.00 0.00 -408.47 0.00 0.00 0.00 0.00 0.00 0.00 -386.83 -388.04 0.00 0.00 -3.19 -387.75 -252.59 0.00
A3RKP6 0.00 0.00 0.00 -83.00 0.00 0.00 0.00 0.00 0.00 0.00 -280.22 0.00 0.00 0.00 0.00 -9.85 -172.89 0.00 0.00 0.00 0.00 -544.10 -159.77 0.00 0.00 0.00 0.00 0.00 0.00 0.00 -152.73 0.00 0.00 0.00 0.00
H2AM12 -35.68 0.00 0.00 -441.40 -16.37 -4.51 0.00 -3.27 0.00 0.00 -115.93 0.00 0.00 -5.36 0.00 -109.49 -276.31 0.00 0.00 0.00 0.00 -159.77 -480.14 -5.43 0.00 0.00 -35.62 0.00 0.00 -44.80 -235.37 0.00 0.00 0.00 0.00
R9RW17 0.00 0.00 0.00 -0.56 0.00 0.00 0.00 -540.01 0.00 0.00 0.00 0.00 0.00 -581.17 0.00 -2.12 -6.57 0.00 0.00 0.00 0.00 0.00 -5.43 -654.29 0.00 0.00 -0.92 0.00 0.00 0.00 -2.32 0.00 0.00 0.00 0.00
A0A0K2SR10 0.00 0.00 -242.69 0.00 0.00 0.00 0.00 0.00 -257.20 0.00 0.00 0.00 0.00 0.00 -263.70 0.00 0.00 0.00 0.00 0.00 0.00 0.00 0.00 0.00 -301.74 0.00 0.00 0.00 0.00 0.00 0.00 -136.06 0.00 -0.67 -272.06
G5EGL9 0.00 0.00 0.00 0.00 0.00 0.00 0.00 0.00 0.00 0.00 0.00 -4.96 0.00 0.00 0.00 0.00 0.00 -348.38 -5.68 -330.47 0.00 0.00 0.00 0.00 0.00 -424.19 0.00 0.00 0.00 0.00 0.00 0.00 0.00 0.00 0.00
A0A0B5KS44 -124.24 -0.69 0.00 -7.58 -71.28 0.00 0.00 -0.97 0.00 0.00 -2.04 0.00 -0.92 -1.14 0.00 -178.44 -39.82 0.00 0.00 0.00 0.00 0.00 -35.62 -0.92 0.00 0.00 -240.39 0.00 -0.27 -188.28 -6.73 -0.99 -0.87 -1.61 0.00
P29990 0.00 -471.34 -1.20 0.00 -1.02 -0.15 -8.47 0.00 0.00 -0.80 0.00 0.00 -480.55 0.00 0.00 0.00 0.00 0.00 0.00 0.00 -386.83 0.00 0.00 0.00 0.00 0.00 0.00 -481.93 -477.15 0.00 0.00 -5.08 -477.84 -300.54 0.00
G0YVK3 0.00 -471.34 0.00 0.00 -1.71 -0.12 -8.95 0.00 0.00 -0.89 0.00 0.00 -482.85 0.00 0.00 -0.33 0.00 0.00 0.00 0.00 -388.04 0.00 0.00 0.00 0.00 0.00 -0.27 -477.15 -486.36 0.00 0.00 -3.91 -485.15 -300.95 0.00
M9T5J2 -167.62 0.00 0.00 -10.15 -113.06 0.00 0.00 0.00 0.00 0.00 -2.83 -2.30 0.00 0.00 0.00 -229.57 -49.18 0.00 -2.30 0.00 0.00 0.00 -44.80 0.00 0.00 0.00 -188.28 0.00 0.00 -267.61 -13.82 -1.90 0.00 0.00 0.00
W8CZ94 -6.07 0.00 0.00 -261.40 -3.91 -4.20 0.00 -2.83 0.00 0.00 -144.23 0.00 0.00 -2.59 0.00 -82.15 -229.16 0.00 0.00 0.00 0.00 -152.73 -235.37 -2.32 0.00 0.00 -6.73 0.00 0.00 -13.82 -287.82 0.00 0.00 0.00 0.00
X6N9B2 0.00 -3.65 -140.90 0.00 0.00 0.00 0.00 0.00 -132.59 0.00 0.00 0.00 -4.64 0.00 -134.66 0.00 0.00 0.00 -1.24 0.00 -3.19 0.00 0.00 0.00 -136.06 0.00 -0.99 -5.08 -3.91 -1.90 0.00 -175.05 -4.02 -4.88 -141.26
P27395 0.00 -472.03 -0.21 0.00 0.00 -0.11 -9.63 0.00 0.00 -0.99 0.00 0.00 -482.85 0.00 0.00 0.00 0.00 0.00 0.00 0.00 -387.75 0.00 0.00 0.00 0.00 0.00 -0.87 -477.84 -485.15 0.00 0.00 -4.02 -487.45 -300.03 0.00
D1FNM3 0.00 -306.94 -1.97 0.00 -1.90 -0.53 -8.52 0.00 0.00 0.00 0.00 0.00 -302.55 0.00 -1.97 -3.58 0.00 0.00 0.00 0.00 -252.59 0.00 0.00 0.00 -0.67 0.00 -1.61 -300.54 -300.95 0.00 0.00 -4.88 -300.03 -326.97 -1.90
D0A4L4 0.00 0.00 -257.99 0.00 0.00 0.00 0.00 0.00 -263.70 0.00 0.00 0.00 0.00 0.00 -264.10 0.00 0.00 0.00 0.00 0.00 0.00 0.00 0.00 0.00 -272.06 0.00 0.00 0.00 0.00 0.00 0.00 -141.26 0.00 -1.90 -311.07
