35
Q85429 0.00 0.86 0.99 0.20 0.00 1.00 1.00 1.00 1.00 1.00 1.00 0.10 0.81 0.96 1.00 0.00 0.00 1.00 0.10 1.00 0.97 0.99 0.00 0.99 1.00 0.98 0.00 0.96 0.96 0.00 0.04 0.98 0.88 0.98 1.00
P22338 0.86 0.00 0.50 1.00 0.87 1.00 0.07 0.99 1.00 0.60 1.00 1.00 0.00 0.99 1.00 0.99 1.00 1.00 1.00 1.00 0.00 1.00 1.00 0.99 0.99 0.90 0.69 0.00 0.00 1.00 1.00 0.15 0.00 0.00 0.99
D2VN83 0.99 0.50 0.00 1.00 1.00 0.28 1.00 1.00 0.00 0.99 1.00 1.00 0.87 1.00 0.00 1.00 1.00 1.00 0.65 1.00 0.51 1.00 1.00 1.00 0.00 1.00 1.00 0.49 0.90 1.00 1.00 0.00 0.77 0.36 0.00
Q8JPR1 0.20 1.00 1.00 0.00 0.84 0.07 1.00 0.48 1.00 1.00 0.00 1.00 1.00 0.36 1.00 0.00 0.00 1.00 1.00 1.00 1.00 0.00 0.00 0.62 1.00 1.00 0.03 1.00 1.00 0.02 0.00 1.00 1.00 1.00 1.00
Q23869 0.00 0.87 1.00 0.84 0.00 1.00 0.99 0.99 1.00 1.00 1.00 0.11 0.41 0.98 1.00 0.00 0.02 1.00 0.14 1.00 0.63 0.98 0.02 0.99 1.00 1.00 0.00 0.71 0.38 0.00 0.18 1.00 0.84 0.41 1.00
C0MMX3 1.00 1.00 0.28 0.07 1.00 0.00 1.00 1.00 0.62 1.00 1.00 1.00 0.94 1.00 0.95 1.00 0.25 1.00 1.00 1.00 0.98 1.00 0.15 1.00 0.95 1.00 1.00 0.97 0.90 1.00 0.21 0.97 0.95 0.96 0.90
G7YB21 1.00 0.07 1.00 1.00 0.99 1.00 0.00 1.00 1.00 1.00 1.00 1.00 0.06 1.00 1.00 1.00 1.00 1.00 1.00 1.00 0.04 1.00 1.00 1.00 1.00 1.00 1.00 0.04 0.05 1.00 1.00 1.00 0.05 0.05 1.00
P03315 1.00 0.99 1.00 0.48 0.99 1.00 1.00 0.00 0.99 1.00 1.00 1.00 0.99 0.00 0.86 0.98 0.11 1.00 1.00 1.00 1.00 1.00 0.12 0.00 1.00 1.00 0.67 1.00 0.99 1.00 0.21 0.99 0.99 1.00 0.89
F4JP36 1.00 1.00 0.00 1.00 1.00 0.62 1.00 0.99 0.00 1.00 1.00 1.00 1.00 1.00 0.00 1.00 1.00 1.00 0.98 1.00 0.70 0.93 0.98 1.00 0.00 1.00 0.98 0.94 1.00 1.00 1.00 0.00 1.00 0.94 0.00
Q6X2U1 1.00 0.60 0.99 1.00 1.00 1.00 1.00 1.00 1.00 0.00 0.99 1.00 0.79 1.00 1.00 1.00 1.00 1.00 1.00 1.00 0.88 1.00 1.00 1.00 1.00 1.00 1.00 0.78 0.63 1.00 1.00 1.00 0.68 1.00 0.99
Q02004 1.00 1.00 1.00 0.00 1.00 1.00 1.00 1.00 1.00 0.99 0.00 1.00 1.00 1.00 1.00 0.02 0.00 1.00 1.00 1.00 0.98 0.00 0.00 1.00 1.00 1.00 0.32 1.00 1.00 0.19 0.00 1.00 1.00 1.00 1.00
D2VQ99 0.10 1.00 1.00 1.00 0.11 1.00 1.00 1.00 1.00 1.00 1.00 0.00 1.00 0.98 1.00 1.00 1.00 0.04 0.00 0.24 1.00 1.00 1.00 1.00 1.00 0.05 1.00 1.00 1.00 0.28 1.00 1.00 1.00 1.00 1.00
P06935 0.81 0.00 0.87 1.00 0.41 0.94 0.06 0.99 1.00 0.79 1.00 1.00 0.00 1.00 1.00 1.00 1.00 1.00 1.00 1.00 0.00 1.00 1.00 1.00 1.00 1.00 0.62 0.00 0.00 1.00 1.00 0.08 0.00 0.00 1.00
P13897 0.96 0.99 1.00 0.36 0.98 1.00 1.00 0.00 1.00 1.00 1.00 0.98 1.00 0.00 1.00 0.23 0.03 1.00 1.00 1.00 0.99 1.00 0.05 0.00 1.00 1.00 0.59 1.00 1.00 1.00 0.24 0.95 1.00 1.00 0.92
A0A060A682 1.00 1.00 0.00 1.00 1.00 0.95 1.00 0.86 0.00 1.00 1.00 1.00 1.00 1.00 0.00 1.00 1.00 1.00 0.79 1.00 0.93 1.00 1.00 1.00 0.00 1.00 1.00 0.81 1.00 1.00 1.00 0.00 0.93 0.44 0.00
A2T090 0.00 0.99 1.00 0.00 0.00 1.00 1.00 0.98 1.00 1.00 0.02 1.00 1.00 0.23 1.00 0.00 0.00 1.00 0.74 1.00 0.95 0.02 0.00 0.31 1.00 1.00 0.00 1.00 0.76 0.00 0.00 0.98 0.99 0.51 1.00
Q01260 0.00 1.00 1.00 0.00 0.02 0.25 1.00 0.11 1.00 1.00 0.00 1.00 1.00 0.03 1.00 0.00 0.00 1.00 1.00 0.95 0.98 0.00 0.00 0.04 1.00 0.99 0.00 1.00 1.00 0.00 0.00 0.97 1.00 0.97 1.00
T1ISJ2 1.00 1.00 1.00 1.00 1.00 1.00 1.00 1.00 1.00 1.00 1.00 0.04 1.00 1.00 1.00 1.00 1.00 0.00 0.05 0.00 1.00 1.00 1.00 1.00 1.00 0.00 1.00 0.99 0.99 0.99 1.00 0.98 1.00 0.99 1.00
D2W008 0.10 1.00 0.65 1.00 0.14 1.00 1.00 1.00 0.98 1.00 1.00 0.00 1.00 1.00 0.79 0.74 1.00 0.05 0.00 0.28 1.00 1.00 1.00 1.00 0.99 0.04 0.99 1.00 0.99 0.28 1.00 0.63 1.00 1.00 1.00
C3Y7J9 1.00 1.00 1.00 1.00 1.00 1.00 1.00 1.00 1.00 1.00 1.00 0.24 1.00 1.00 1.00 1.00 0.95 0.00 0.28 0.00 1.00 0.99 1.00 1.00 1.00 0.00 1.00 1.00 1.00 1.00 1.00 1.00 1.00 1.00 1.00
P33515 0.97 0.00 0.51 1.00 0.63 0.98 0.04 1.00 0.70 0.88 0.98 1.00 0.00 0.99 0.93 0.95 0.98 1.00 1.00 1.00 0.00 0.98 0.95 1.00 0.90 1.00 0.95 0.00 0.00 1.00 0.98 0.20 0.00 0.00 0.85
A3RKP6 0.99 1.00 1.00 0.00 0.98 1.00 1.00 1.00 0.93 1.00 0.00 1.00 1.00 1.00 1.00 0.02 0.00 1.00 1.00 0.99 0.98 0.00 0.00 1.00 1.00 0.99 0.86 1.00 0.99 1.00 0.00 1.00 1.00 0.97 1.00
H2AM12 0.00 1.00 1.00 0.00 0.02 0.15 1.00 0.12 0.98 1.00 0.00 1.00 1.00 0.05 1.00 0.00 0.00 1.00 1.00 1.00 0.95 0.00 0.00 0.04 1.00 1.00 0.00 1.00 1.00 0.00 0.00 1.00 0.98 0.99 1.00
R9RW17 0.99 0.99 1.00 0.62 0.99 1.00 1.00 0.00 1.00 1.00 1.00 1.00 1.00 0.00 1.00 0.31 0.04 1.00 1.00 1.00 1.00 1.00 0.04 0.00 1.00 1.00 0.64 1.00 1.00 1.00 0.27 0.99 1.00 1.00 1.00
A0A0K2SR10 1.00 0.99 0.00 1.00 1.00 0.95 1.00 1.00 0.00 1.00 1.00 1.00 1.00 1.00 0.00 1.00 1.00 1.00 0.99 1.00 0.90 1.00 1.00 1.00 0.00 1.00 1.00 1.00 1.00 1.00 1.00 0.00 1.00 0.71 0.00
G5EGL9 0.98 0.90 1.00 1.00 1.00 1.00 1.00 1.00 1.00 1.00 1.00 0.05 1.00 1.00 1.00 1.00 0.99 0.00 0.04 0.00 1.00 0.99 1.00 1.00 1.00 0.00 1.00 0.92 1.00 1.00 0.98 0.98 1.00 1.00 1.00
A0A0B5KS44 0.00 0.69 1.00 0.03 0.00 1.00 1.00 0.67 0.98 1.00 0.32 1.00 0.62 0.59 1.00 0.00 0.00 1.00 0.99 1.00 0.95 0.86 0.00 0.64 1.00 1.00 0.00 0.99 0.79 0.00 0.04 0.73 0.63 0.49 1.00
P29990 0.96 0.00 0.49 1.00 0.71 0.97 0.04 1.00 0.94 0.78 1.00 1.00 0.00 1.00 0.81 1.00 1.00 0.99 1.00 1.00 0.00 1.00 1.00 1.00 1.00 0.92 0.99 0.00 0.00 1.00 1.00 0.07 0.00 0.00 1.00
G0YVK3 0.96 0.00 0.90 1.00 0.38 0.90 0.05 0.99 1.00 0.63 1.00 1.00 0.00 1.00 1.00 0.76 1.00 0.99 0.99 1.00 0.00 0.99 1.00 1.00 1.00 1.00 0.79 0.00 0.00 1.00 1.00 0.13 0.00 0.00 1.00
M9T5J2 0.00 1.00 1.00 0.02 0.00 1.00 1.00 1.00 1.00 1.00 0.19 0.28 1.00 1.00 1.00 0.00 0.00 0.99 0.28 1.00 1.00 1.00 0.00 1.00 1.00 1.00 0.00 1.00 1.00 0.00 0.02 0.49 1.00 1.00 1.00
W8CZ94 0.04 1.00 1.00 0.00 0.18 0.21 1.00 0.21 1.00 1.00 0.00 1.00 1.00 0.24 1.00 0.00 0.00 1.00 1.00 1.00 0.98 0.00 0.00 0.27 1.00 0.98 0.04 1.00 1.00 0.02 0.00 1.00 1.00 0.99 1.00
X6N9B2 0.98 0.15 0.00 1.00 1.00 0.97 1.00 0.99 0.00 1.00 1.00 1.00 0.08 0.95 0.00 0.98 0.97 0.98 0.63 1.00 0.20 1.00 1.00 0.99 0.00 0.98 0.73 0.07 0.13 0.49 1.00 0.00 0.12 0.09 0.00
P27395 0.88 0.00 0.77 1.00 0.84 0.95 0.05 0.99 1.00 0.68 1.00 1.00 0.00 1.00 0.93 0.99 1.00 1.00 1.00 1.00 0.00 1.00 0.98 1.00 1.00 1.00 0.63 0.00 0.00 1.00 1.00 0.12 0.00 0.00 1.00
D1FNM3 0.98 0.00 0.36 1.00 0.41 0.96 0.05 1.00 0.94 1.00 1.00 1.00 0.00 1.00 0.44 0.51 0.97 0.99 1.00 1.00 0.00 0.97 0.99 1.00 0.71 1.00 0.49 0.00 0.00 1.00 0.99 0.09 0.00 0.00 0.39
D0A4L4 1.00 0.99 0.00 1.00 1.00 0.90 1.00 0.89 0.00 0.99 1.00 1.00 1.00 0.92 0.00 1.00 1.00 1.00 1.00 1.00 0.85 1.00 1.00 1.00 0.00 1.00 1.00 1.00 1.00 1.00 1.00 0.00 1.00 0.39 0.00
