35
Q85429 -357.59 -3.38 -1.27 -5.60 -97.17 0.00 0.00 -0.69 -0.65 -0.82 -0.78 -7.11 -3.44 -2.38 0.00 -157.35 -41.56 -1.35 -7.17 0.00 -2.73 -0.92 -39.25 -1.31 0.00 -1.61 -127.81 -2.21 -2.21 -171.19 -9.64 -2.04 -3.54 -2.04 0.00
P22338 -3.38 -485.85 -5.40 0.00 -4.51 -0.01 -13.23 -1.56 -0.39 -4.51 0.00 -0.73 -477.33 -1.24 -0.22 -1.31 -0.27 -0.48 -0.78 -0.36 -389.14 -0.89 -0.67 -1.43 -1.17 -2.94 -4.27 -474.84 -475.03 -0.16 0.00 -7.20 -475.54 -310.16 -1.08
D2VN83 -1.27 -5.40 -310.16 0.00 -0.39 -5.71 -0.62 0.00 -249.37 -1.90 0.00 -0.92 -3.24 -0.31 -246.38 0.00 0.00 0.00 -4.27 0.00 -4.78 -0.33 -0.02 0.00 -246.38 0.00 0.00 -4.78 -3.04 0.00 -0.04 -144.48 -3.77 -5.52 -261.80
Q8JPR1 -5.60 0.00 0.00 -529.59 -3.24 -7.71 -0.62 -4.72 -0.01 0.00 -122.09 -0.21 0.00 -5.10 0.00 -91.31 -263.70 -0.03 0.00 -0.06 -0.34 -86.54 -444.91 -4.14 0.00 0.00 -11.11 0.00 0.00 -13.72 -265.02 -0.02 0.00 -0.12 0.00
Q23869 -97.17 -4.51 -0.39 -3.24 -228.87 0.00 -2.12 -1.71 -0.99 -0.13 -0.71 -8.57 -5.15 -2.04 -0.05 -108.88 -21.48 0.00 -6.91 -0.03 -4.88 -1.77 -19.93 -1.61 -0.73 -0.16 -74.85 -4.61 -5.26 -116.60 -7.45 0.00 -3.51 -5.45 -0.53
C0MMX3 0.00 -0.01 -5.71 -7.71 0.00 -538.11 -1.02 0.00 -4.34 -0.73 -0.82 -0.02 -3.65 -0.27 -2.41 0.00 -5.78 -0.17 -0.01 -0.49 -4.07 -2.12 -8.11 0.00 -2.49 -0.65 -0.30 -3.69 -3.69 0.00 -7.73 -2.60 -3.65 -4.07 -3.12
G7YB21 0.00 -13.23 -0.62 -0.62 -2.12 -1.02 -277.51 -1.11 -0.43 -0.48 -0.34 -0.34 -11.52 -0.99 -0.33 -0.89 -0.13 0.00 0.00 -0.78 -12.09 -0.71 -1.11 0.00 -0.14 -0.25 -0.54 -12.01 -12.53 -0.14 -0.99 -0.60 -13.17 -12.06 -0.04
P03315 -0.69 -1.56 0.00 -4.72 -1.71 0.00 -1.11 -545.02 -1.51 -0.48 -0.63 0.00 -1.24 -545.71 -3.35 -2.04 -7.24 -0.63 0.00 0.00 0.00 -0.29 -6.81 -543.52 -0.48 -0.22 -4.51 0.00 -1.17 -0.45 -6.38 -1.71 -1.77 0.00 -3.27
F4JP36 -0.65 -0.39 -249.37 -0.01 -0.99 -4.34 -0.43 -1.51 -366.11 -0.54 -0.67 -0.03 -0.05 0.00 -264.10 0.00 0.00 0.00 -1.66 0.00 -4.02 -3.51 -1.97 -0.01 -260.89 0.00 -1.77 -2.60 -0.01 0.00 -1.35 -136.13 -0.02 -2.69 -267.32
Q6X2U1 -0.82 -4.51 -1.90 0.00 -0.13 -0.73 -0.48 -0.48 -0.54 -743.75 -1.17 0.00 -4.51 -0.71 -0.04 -1.17 -0.01 -0.08 -0.16 0.00 -3.44 -1.17 -0.27 -0.01 -0.06 -0.29 -0.02 -4.34 -4.42 -0.07 -1.02 -0.49 -4.51 -0.99 -1.83
Q02004 -0.78 0.00 0.00 -122.09 -0.71 -0.82 -0.34 -0.63 -0.67 -1.17 -410.78 0.00 -0.31 -0.43 0.00 -15.65 -129.91 -0.54 0.00 0.00 -1.71 -283.73 -119.47 -0.04 -0.34 0.00 -5.63 0.00 -0.33 -6.38 -147.77 -0.49 -0.08 -0.31 0.00
D2VQ99 -7.11 -0.73 -0.92 -0.21 -8.57 -0.02 -0.34 0.00 -0.03 0.00 0.00 -720.71 -0.14 -1.83 0.00 0.00 -0.87 -9.88 -370.72 -5.71 0.00 -0.13 0.00 0.00 0.00 -8.52 -1.05 0.00 0.00 -5.84 0.00 -0.31 0.00 0.00 0.00
P06935 -3.44 -477.33 -3.24 0.00 -5.15 -3.65 -11.52 -1.24 -0.05 -4.51 -0.31 -0.14 -490.45 0.00 -0.07 -0.49 -0.06 -0.25 -0.19 0.00 -393.74 -0.54 -0.03 0.00 -0.13 -0.40 -4.42 -484.05 -486.54 -0.65 0.00 -8.18 -486.54 -306.24 0.00
P13897 -2.38 -1.24 -0.31 -5.10 -2.04 -0.27 -0.99 -545.71 0.00 -0.71 -0.43 -1.83 0.00 -587.38 0.00 -6.21 -10.35 -0.36 -0.14 0.00 -1.47 -0.42 -8.95 -584.86 -0.39 -0.15 -4.71 -0.76 -0.87 -0.02 -6.17 -2.98 0.00 -0.87 -2.94
A0A060A682 0.00 -0.22 -246.38 0.00 -0.05 -2.41 -0.33 -3.35 -264.10 -0.04 0.00 0.00 -0.07 0.00 -370.02 -0.01 0.00 -0.01 -3.61 0.00 -2.70 -0.76 0.00 0.00 -267.32 0.00 0.00 -3.44 -0.16 0.00 0.00 -138.21 -2.59 -5.52 -267.46
A2T090 -157.35 -1.31 0.00 -91.31 -108.88 0.00 -0.89 -2.04 0.00 -1.17 -15.65 0.00 -0.49 -6.21 -0.01 -277.51 -110.70 -0.84 -4.07 0.00 -2.67 -13.41 -113.04 -5.68 0.00 -0.01 -182.00 -0.22 -3.91 -233.25 -85.71 -2.12 -1.66 -7.12 0.00
Q01260 -41.56 -0.27 0.00 -263.70 -21.48 -5.78 -0.13 -7.24 0.00 -0.01 -129.91 -0.87 -0.06 -10.35 0.00 -110.70 -368.41 -0.02 0.00 -2.32 -1.83 -176.47 -279.82 -10.13 -0.25 -1.47 -43.34 -0.37 -0.04 -52.70 -232.67 -2.47 -0.14 -2.12 -0.11
T1ISJ2 -1.35 -0.48 0.00 -0.03 0.00 -0.17 0.00 -0.63 0.00 -0.08 -0.54 -9.88 -0.25 -0.36 -0.01 -0.84 -0.02 -393.05 -11.65 -308.55 -0.46 -0.89 0.00 0.00 0.00 -352.30 0.00 -1.14 -1.05 -1.31 -0.62 -2.12 -0.84 -1.35 0.00
D2W008 -7.17 -0.78 -4.27 0.00 -6.91 -0.01 0.00 0.00 -1.66 -0.16 0.00 -370.72 -0.19 -0.14 -3.61 -4.07 0.00 -11.65 -inf -5.52 0.00 -0.09 0.00 0.00 -1.61 -9.23 -1.24 0.00 -1.27 -5.84 -0.69 -4.78 -0.05 -0.25 -0.42
C3Y7J9 0.00 -0.36 0.00 -0.06 -0.03 -0.49 -0.78 0.00 0.00 0.00 0.00 -5.71 0.00 0.00 0.00 0.00 -2.32 -308.55 -5.52 -472.95 0.00 -0.92 0.00 0.00 0.00 -334.10 -0.11 -0.39 0.00 0.00 -0.30 -0.97 -0.13 0.00 0.00
P33515 -2.73 -389.14 -4.78 -0.34 -4.88 -4.07 -12.09 0.00 -4.02 -3.44 -1.71 0.00 -393.74 -1.47 -2.70 -2.67 -1.83 -0.46 0.00 0.00 -412.16 -2.47 -2.30 -0.02 -3.10 -0.27 -2.66 -390.34 -391.54 -0.63 -1.97 -6.73 -391.44 -256.28 -3.38
A3RKP6 -0.92 -0.89 -0.33 -86.54 -1.77 -2.12 -0.71 -0.29 -3.51 -1.17 -283.73 -0.13 -0.54 -0.42 -0.76 -13.41 -176.47 -0.89 -0.09 -0.92 -2.47 -548.02 -163.30 0.00 -0.17 -1.27 -3.44 -0.15 -2.12 -0.63 -156.31 -0.02 -0.31 -2.21 0.00
H2AM12 -39.25 -0.67 -0.02 -444.91 -19.93 -8.11 -1.11 -6.81 -1.97 -0.27 -119.47 0.00 -0.03 -8.95 0.00 -113.04 -279.82 0.00 0.00 0.00 -2.30 -163.30 -483.65 -8.95 0.00 0.00 -39.16 0.00 -0.60 -48.35 -238.78 -0.78 -1.77 -1.24 0.00
R9RW17 -1.31 -1.43 0.00 -4.14 -1.61 0.00 0.00 -543.52 -0.01 -0.01 -0.04 0.00 0.00 -584.86 0.00 -5.68 -10.13 0.00 0.00 0.00 -0.02 0.00 -8.95 -657.85 0.00 -0.01 -4.51 -0.03 -0.14 -0.01 -5.88 -1.27 0.00 -0.33 0.00
A0A0K2SR10 0.00 -1.17 -246.38 0.00 -0.73 -2.49 -0.14 -0.48 -260.89 -0.06 -0.34 0.00 -0.13 -0.39 -267.32 0.00 -0.25 0.00 -1.61 0.00 -3.10 -0.17 0.00 0.00 -305.55 0.00 0.00 -0.05 -0.30 -0.82 -0.43 -139.62 -0.69 -4.20 -275.62
G5EGL9 -1.61 -2.94 0.00 0.00 -0.16 -0.65 -0.25 -0.22 0.00 -0.29 0.00 -8.52 -0.40 -0.15 0.00 -0.01 -1.47 -352.30 -9.23 -334.10 -0.27 -1.27 0.00 -0.01 0.00 -427.59 -0.73 -2.81 0.00 0.00 -1.90 -2.04 -0.43 -0.27 -0.42
A0A0B5KS44 -127.81 -4.27 0.00 -11.11 -74.85 -0.30 -0.54 -4.51 -1.77 -0.02 -5.63 -1.05 -4.42 -4.71 0.00 -182.00 -43.34 0.00 -1.24 -0.11 -2.66 -3.44 -39.16 -4.51 0.00 -0.73 -244.07 -1.08 -3.82 -191.83 -10.29 -4.51 -4.42 -5.17 0.00
P29990 -2.21 -474.84 -4.78 0.00 -4.61 -3.69 -12.01 0.00 -2.60 -4.34 0.00 0.00 -484.05 -0.76 -3.44 -0.22 -0.37 -1.14 0.00 -0.39 -390.34 -0.15 0.00 -0.03 -0.05 -2.81 -1.08 -485.85 -480.55 -0.82 0.00 -8.62 -481.46 -303.94 -0.12
G0YVK3 -2.21 -475.03 -3.04 0.00 -5.26 -3.69 -12.53 -1.17 -0.01 -4.42 -0.33 0.00 -486.54 -0.87 -0.16 -3.91 -0.04 -1.05 -1.27 0.00 -391.54 -2.12 -0.60 -0.14 -0.30 0.00 -3.82 -480.55 -489.76 0.00 0.00 -7.45 -488.50 -304.63 0.00
M9T5J2 -171.19 -0.16 0.00 -13.72 -116.60 0.00 -0.14 -0.45 0.00 -0.07 -6.38 -5.84 -0.65 -0.02 0.00 -233.25 -52.70 -1.31 -5.84 0.00 -0.63 -0.63 -48.35 -0.01 -0.82 0.00 -191.83 -0.82 0.00 -271.01 -17.32 -5.45 0.00 -0.80 0.00
W8CZ94 -9.64 0.00 -0.04 -265.02 -7.45 -7.73 -0.99 -6.38 -1.35 -1.02 -147.77 0.00 0.00 -6.17 0.00 -85.71 -232.67 -0.62 -0.69 -0.30 -1.97 -156.31 -238.78 -5.88 -0.43 -1.90 -10.29 0.00 0.00 -17.32 -291.04 -0.07 -0.03 -1.43 -0.17
X6N9B2 -2.04 -7.20 -144.48 -0.02 0.00 -2.60 -0.60 -1.71 -136.13 -0.49 -0.49 -0.31 -8.18 -2.98 -138.21 -2.12 -2.47 -2.12 -4.78 -0.97 -6.73 -0.02 -0.78 -1.27 -139.62 -2.04 -4.51 -8.62 -7.45 -5.45 -0.07 -178.61 -7.56 -8.42 -144.80
P27395 -3.54 -475.54 -3.77 0.00 -3.51 -3.65 -13.17 -1.77 -0.02 -4.51 -0.08 0.00 -486.54 0.00 -2.59 -1.66 -0.14 -0.84 -0.05 -0.13 -391.44 -0.31 -1.77 0.00 -0.69 -0.43 -4.42 -481.46 -488.50 0.00 -0.03 -7.56 -491.14 -303.94 -0.05
D1FNM3 -2.04 -310.16 -5.52 -0.12 -5.45 -4.07 -12.06 0.00 -2.69 -0.99 -0.31 0.00 -306.24 -0.87 -5.52 -7.12 -2.12 -1.35 -0.25 0.00 -256.28 -2.21 -1.24 -0.33 -4.20 -0.27 -5.17 -303.94 -304.63 -0.80 -1.43 -8.42 -303.94 -330.19 -5.43
D0A4L4 0.00 -1.08 -261.80 0.00 -0.53 -3.12 -0.04 -3.27 -267.32 -1.83 0.00 0.00 0.00 -2.94 -267.46 0.00 -0.11 0.00 -0.42 0.00 -3.38 0.00 0.00 0.00 -275.62 -0.42 0.00 -0.12 0.00 0.00 -0.17 -144.80 -0.05 -5.43 -314.76
