35
Q85429 0.00 6.63 8.42 4.77 0.99 3.24 3.76 2.57 10.20 15.80 3.09 5.39 5.31 2.73 7.14 0.75 2.16 7.65 5.48 8.01 10.44 4.32 2.61 3.30 5.76 7.58 0.71 5.82 2.70 0.61 3.06 3.31 5.97 4.72 3.29
P22338 6.63 0.00 6.76 3.71 8.35 10.65 2.77 11.14 2.74 7.40 3.52 8.04 0.27 9.01 4.19 3.41 3.84 7.45 7.96 8.10 0.32 9.38 3.29 6.51 3.46 6.46 5.79 0.28 0.27 3.00 4.33 2.77 0.27 0.26 3.73
D2VN83 8.42 6.76 0.00 8.29 7.14 3.57 7.28 3.97 0.53 9.92 2.93 6.49 4.12 4.43 0.51 4.82 4.10 4.01 6.95 3.32 5.08 7.21 3.12 3.12 0.52 3.24 2.55 4.42 4.17 2.89 9.06 0.43 4.45 3.75 0.49
Q8JPR1 4.77 3.71 8.29 0.00 5.15 3.79 3.95 2.68 11.32 15.12 0.78 4.08 3.59 3.00 5.09 1.06 0.59 9.46 8.13 7.75 8.61 1.18 0.44 3.01 6.66 3.69 2.57 3.15 3.44 2.43 0.37 5.41 3.85 4.37 8.05
Q23869 0.99 8.35 7.14 5.15 0.00 4.54 4.74 6.98 4.43 17.43 6.61 5.47 5.60 6.89 10.43 1.07 2.75 5.62 4.77 6.30 6.90 10.59 3.28 7.64 4.38 7.19 1.38 6.88 5.53 0.93 4.89 5.10 6.17 4.37 4.38
C0MMX3 3.24 10.65 3.57 3.79 4.54 0.00 4.28 7.20 4.23 20.95 4.86 13.64 6.07 12.03 4.41 6.34 3.96 9.00 8.88 5.73 6.92 19.62 4.24 6.91 3.53 7.85 5.77 13.29 6.37 4.88 3.84 3.16 7.56 5.56 3.10
G7YB21 3.76 2.77 7.28 3.95 4.74 4.28 0.00 6.57 5.98 7.45 3.80 5.02 2.20 6.51 7.05 6.08 4.68 4.16 4.35 4.67 1.97 5.29 5.27 4.38 4.22 3.34 3.96 1.87 2.08 6.18 4.47 9.57 2.15 2.16 3.84
P03315 2.57 11.14 3.97 2.68 6.98 7.20 6.57 0.00 5.49 10.05 2.58 4.92 10.24 0.21 4.24 2.33 2.66 7.85 5.83 2.59 9.65 4.26 2.16 0.20 2.52 7.91 2.63 7.90 10.92 2.62 3.61 3.28 7.96 5.62 3.97
F4JP36 10.20 2.74 0.53 11.32 4.43 4.23 5.98 5.49 0.00 13.51 5.34 6.40 2.80 2.98 0.60 3.03 3.78 3.87 4.67 6.49 6.20 9.57 5.41 3.03 0.49 4.03 6.75 4.94 2.60 2.74 10.68 0.43 2.66 2.79 0.49
Q6X2U1 15.80 7.40 9.92 15.12 17.43 20.95 7.45 10.05 13.51 0.00 13.27 11.64 9.36 12.09 10.06 7.95 11.35 14.28 11.25 11.81 8.39 19.13 12.25 12.59 10.31 8.89 9.22 9.10 7.84 18.39 16.16 7.40 8.29 7.33 9.58
Q02004 3.09 3.52 2.93 0.78 6.61 4.86 3.80 2.58 5.34 13.27 0.00 2.92 3.24 3.32 2.74 2.24 0.79 8.17 4.03 3.23 7.54 0.44 0.75 2.74 5.48 4.05 2.66 3.67 3.22 2.50 0.63 4.95 3.35 3.26 2.51
D2VQ99 5.39 8.04 6.49 4.08 5.47 13.64 5.02 4.92 6.40 11.64 2.92 0.00 3.78 3.23 7.66 3.08 8.08 3.85 0.44 3.10 7.09 7.07 4.06 3.94 5.77 3.04 4.63 3.15 3.86 3.22 3.73 3.49 4.50 5.79 3.18
P06935 5.31 0.27 4.12 3.59 5.60 6.07 2.20 10.24 2.80 9.36 3.24 3.78 0.00 3.41 3.62 2.88 3.11 5.24 6.79 5.57 0.31 8.10 2.94 3.70 2.67 5.06 4.61 0.27 0.26 2.82 3.68 2.40 0.26 0.27 2.77
P13897 2.73 9.01 4.43 3.00 6.89 12.03 6.51 0.21 2.98 12.09 3.32 3.23 3.41 0.00 2.73 2.49 2.44 15.24 4.75 3.76 7.82 4.70 2.55 0.21 6.46 14.21 2.73 13.10 11.14 2.89 3.66 3.19 3.81 6.01 4.33
A0A060A682 7.14 4.19 0.51 5.09 10.43 4.41 7.05 4.24 0.60 10.06 2.74 7.66 3.62 2.73 0.00 3.02 4.31 4.17 6.67 3.53 4.49 4.87 4.19 2.86 0.47 4.28 2.96 5.22 2.83 3.11 6.84 0.41 3.17 4.11 0.47
A2T090 0.75 3.41 4.82 1.06 1.07 6.34 6.08 2.33 3.03 7.95 2.24 3.08 2.88 2.49 3.02 0.00 0.97 4.59 4.15 3.21 6.01 2.63 0.90 2.45 3.29 3.85 0.60 2.96 2.92 0.47 0.99 4.00 3.06 5.94 2.80
Q01260 2.16 3.84 4.10 0.59 2.75 3.96 4.68 2.66 3.78 11.35 0.79 8.08 3.11 2.44 4.31 0.97 0.00 5.66 8.42 3.50 3.50 0.72 0.53 2.34 5.29 4.00 1.46 4.04 2.77 1.34 0.42 5.51 3.22 4.03 6.00
T1ISJ2 7.65 7.45 4.01 9.46 5.62 9.00 4.16 7.85 3.87 14.28 8.17 3.85 5.24 15.24 4.17 4.59 5.66 0.00 4.36 0.40 6.33 10.25 3.31 10.04 2.54 0.36 3.76 6.45 6.57 6.57 6.63 3.45 5.99 3.62 3.53
D2W008 5.48 7.96 6.95 8.13 4.77 8.88 4.35 5.83 4.67 11.25 4.03 0.44 6.79 4.75 6.67 4.15 8.42 4.36 0.00 3.44 9.28 11.46 6.21 6.26 5.12 4.20 6.39 6.35 4.99 3.40 4.80 2.65 6.35 7.58 4.67
C3Y7J9 8.01 8.10 3.32 7.75 6.30 5.73 4.67 2.59 6.49 11.81 3.23 3.10 5.57 3.76 3.53 3.21 3.50 0.40 3.44 0.00 5.47 3.20 3.76 3.18 2.86 0.41 6.17 6.04 5.01 2.84 5.29 3.28 5.98 3.46 2.63
P33515 10.44 0.32 5.08 8.61 6.90 6.92 1.97 9.65 6.20 8.39 7.54 7.09 0.31 7.82 4.49 6.01 3.50 6.33 9.28 5.47 0.00 10.70 3.70 8.71 5.36 6.19 6.82 0.30 0.31 6.47 4.65 2.75 0.30 0.35 2.47
A3RKP6 4.32 9.38 7.21 1.18 10.59 19.62 5.29 4.26 9.57 19.13 0.44 7.07 8.10 4.70 4.87 2.63 0.72 10.25 11.46 3.20 10.70 0.00 0.69 4.48 11.63 10.21 3.44 6.18 8.10 3.40 0.65 4.77 8.11 5.42 12.93
H2AM12 2.61 3.29 3.12 0.44 3.28 4.24 5.27 2.16 5.41 12.25 0.75 4.06 2.94 2.55 4.19 0.90 0.53 3.31 6.21 3.76 3.70 0.69 0.00 2.43 3.35 3.68 1.43 3.35 3.09 1.31 0.39 5.18 2.96 3.71 3.84
R9RW17 3.30 6.51 3.12 3.01 7.64 6.91 4.38 0.20 3.03 12.59 2.74 3.94 3.70 0.21 2.86 2.45 2.34 10.04 6.26 3.18 8.71 4.48 2.43 0.00 3.04 10.88 2.44 8.62 5.67 2.96 3.38 3.58 3.67 5.68 3.22
A0A0K2SR10 5.76 3.46 0.52 6.66 4.38 3.53 4.22 2.52 0.49 10.31 5.48 5.77 2.67 6.46 0.47 3.29 5.29 2.54 5.12 2.86 5.36 11.63 3.35 3.04 0.00 3.36 2.95 3.04 2.93 2.31 7.28 0.43 2.87 2.87 0.45
G5EGL9 7.58 6.46 3.24 3.69 7.19 7.85 3.34 7.91 4.03 8.89 4.05 3.04 5.06 14.21 4.28 3.85 4.00 0.36 4.20 0.41 6.19 10.21 3.68 10.88 3.36 0.00 7.21 4.34 3.14 2.87 3.68 3.24 5.21 3.13 4.08
A0A0B5KS44 0.71 5.79 2.55 2.57 1.38 5.77 3.96 2.63 6.75 9.22 2.66 4.63 4.61 2.73 2.96 0.60 1.46 3.76 6.39 6.17 6.82 3.44 1.43 2.44 2.95 7.21 0.00 2.63 2.60 0.56 2.33 3.04 5.11 3.26 3.08
P29990 5.82 0.28 4.42 3.15 6.88 13.29 1.87 7.90 4.94 9.10 3.67 3.15 0.27 13.10 5.22 2.96 4.04 6.45 6.35 6.04 0.30 6.18 3.35 8.62 3.04 4.34 2.63 0.00 0.27 2.98 3.03 2.36 0.27 0.27 2.72
G0YVK3 2.70 0.27 4.17 3.44 5.53 6.37 2.08 10.92 2.60 7.84 3.22 3.86 0.26 11.14 2.83 2.92 2.77 6.57 4.99 5.01 0.31 8.10 3.09 5.67 2.93 3.14 2.60 0.27 0.00 2.53 3.15 2.42 0.26 0.28 2.83
M9T5J2 0.61 3.00 2.89 2.43 0.93 4.88 6.18 2.62 2.74 18.39 2.50 3.22 2.82 2.89 3.11 0.47 1.34 6.57 3.40 2.84 6.47 3.40 1.31 2.96 2.31 2.87 0.56 2.98 2.53 0.00 2.05 3.30 2.63 2.63 2.30
W8CZ94 3.06 4.33 9.06 0.37 4.89 3.84 4.47 3.61 10.68 16.16 0.63 3.73 3.68 3.66 6.84 0.99 0.42 6.63 4.80 5.29 4.65 0.65 0.39 3.38 7.28 3.68 2.33 3.03 3.15 2.05 0.00 4.39 3.18 7.18 11.72
X6N9B2 3.31 2.77 0.43 5.41 5.10 3.16 9.57 3.28 0.43 7.40 4.95 3.49 2.40 3.19 0.41 4.00 5.51 3.45 2.65 3.28 2.75 4.77 5.18 3.58 0.43 3.24 3.04 2.36 2.42 3.30 4.39 0.00 2.29 2.52 0.41
P27395 5.97 0.27 4.45 3.85 6.17 7.56 2.15 7.96 2.66 8.29 3.35 4.50 0.26 3.81 3.17 3.06 3.22 5.99 6.35 5.98 0.30 8.11 2.96 3.67 2.87 5.21 5.11 0.27 0.26 2.63 3.18 2.29 0.00 0.27 2.71
D1FNM3 4.72 0.26 3.75 4.37 4.37 5.56 2.16 5.62 2.79 7.33 3.26 5.79 0.27 6.01 4.11 5.94 4.03 3.62 7.58 3.46 0.35 5.42 3.71 5.68 2.87 3.13 3.26 0.27 0.28 2.63 7.18 2.52 0.27 0.00 2.90
D0A4L4 3.29 3.73 0.49 8.05 4.38 3.10 3.84 3.97 0.49 9.58 2.51 3.18 2.77 4.33 0.47 2.80 6.00 3.53 4.67 2.63 2.47 12.93 3.84 3.22 0.45 4.08 3.08 2.72 2.83 2.30 11.72 0.41 2.71 2.90 0.00
